27 0.2647919375812744 0.13589076723016905 0.09850455136540966 0.0975292587776333
27 0.3642717815344604 0.13914174252275682 0.09655396618985694 0.10143042912873862
27 0.366222366710013 0.2373211963589077 0.09265279583875163 0.0871261378413524
27 0.26820546163849157 0.23342002600780234 0.09752925877763328 0.08712613784135242
38 0.08533810143042914 0.13589076723016905 0.11020806241872562 0.08972691807542263
38 0.08046163849154749 0.22951885565669702 0.10240572171651496 0.08972691807542262
38 0.17457737321196362 0.23211963589076723 0.0838751625487646 0.0871261378413524
23 0.23602080624187238 0.5825747724317297 0.05266579973992191 0.06501950585175587
28 0.20822496749024696 0.6794538361508451 0.061443433029908776 0.08972691807542253
37 0.2886866059817944 0.6657997399219766 0.0663198959687906 0.09102730819245823
37 0.1277633289986996 0.6814044213263979 0.08582574772431731 0.08322496749024708
40 0.3681729518855657 0.606631989596879 0.09070221066319896 0.08452535760728218
40 0.36914824447334205 0.6931079323797138 0.08094928478543566 0.07802340702210657
41 0.459850455136541 0.6033810143042914 0.08094928478543566 0.07542262678803638
41 0.4578998699609883 0.6892067620286086 0.08289986996098833 0.08322496749024708
39 0.5407997399219765 0.6807542262678805 0.07509752925877748 0.09232769830949289
39 0.5159297789336802 0.3732119635890767 0.08192457737321199 0.08582574772431727
39 0.524219765929779 0.4655396618985696 0.09850455136540966 0.09102730819245763
42 0.10770626943930157 0.46238822162158216 0.111015410375008 0.09888257864003443
42 0.12226566752126984 0.3653255677417937 0.0837165389713175 0.0867497469050609
43 0.21166947136835612 0.3695720588490339 0.09145121920236321 0.09038959642555287
44 0.21599179267394053 0.46299486320833083 0.10100582419365481 0.09524272911954235
44 0.3131302767520724 0.37169530440265475 0.10692057966445447 0.10070250340028046
44 0.31904503222287217 0.46845463748906885 0.10510065490420846 0.08553646373156354
45 0.4189134034413732 0.37290858757615214 0.10191578657377783 0.10070250340028046
45 0.4202783470115577 0.4693645998691919 0.09554604991291668 0.08978295483880423
24 0.5394834188076728 0.5882663508719328 0.06824717850922625 0.07158370723634405
46 0.6095578673602081 0.36866059817945385 0.09557867360208071 0.08972691807542262
46 0.6188231469440834 0.46098829648894657 0.08875162548764629 0.08712613784135242
